333 193
331 193
329 193
328 193
327 194
325 195
323 196
322 198
322 200
322 201
322 203
322 204
322 205
323 207
323 208
325 209
325 210
326 211
327 212
328 212
329 212
330 212
331 213
333 213
334 213
336 212
337 211
338 210
339 209
340 208
341 207
341 205
342 204
343 203
343 201
344 200
344 199
344 198
344 197
344 196
344 195
343 195
342 194
341 194
340 193
338 193
337 193
336 193
335 193
334 194
333 194
334 194
334 193
334 192
334 190
334 189
334 188
334 187
333 186
333 185
332 185
332 184
332 185
331 185
331 187
331 188
332 188
332 189
332 190
332 191
333 192
333 193
