314 355
314 356
314 357
312 355
310 353
310 350
308 346
308 344
307 342
307 341
306 339
304 336
304 335
303 334
305 336
307 339
309 340
310 342
310 343
311 343
311 342
311 338
310 335
309 330
308 328
308 327
308 326
310 327
311 329
312 330
313 330
313 329
313 323
313 316
313 314
314 314
316 315
319 317
320 318
320 316
321 309
323 303
324 298
326 295
327 293
327 295
328 304
328 311
329 317
329 321
329 324
330 326
330 327
331 327
332 327
333 324
334 321
336 318
337 317
339 316
340 316
341 319
342 323
343 324
345 323
346 322
350 317
352 315
353 314
354 314
355 317
356 319
357 320
358 320
360 319
361 319
361 321
361 326
361 328
360 329
361 329
363 329
363 330
364 331
365 331
368 331
374 329
379 327
380 326
380 327
380 330
378 332
376 335
376 337
375 339
374 339
375 339
378 339
380 339
382 339
383 339
383 340
381 343
378 346
376 348
377 348
380 348
382 348
382 349
381 350
380 351
379 351
380 351
381 351
379 353
377 355
376 356
375 356
374 357
374 356
