301 233
298 233
296 234
294 236
292 237
291 238
289 239
287 240
284 243
283 244
282 245
282 247
282 249
281 253
280 257
280 260
280 263
280 265
280 267
280 269
280 270
281 270
282 271
283 272
284 273
286 274
288 275
291 277
295 278
299 279
302 281
306 282
308 283
310 283
312 284
314 284
316 284
318 284
319 284
320 284
321 282
322 280
326 276
330 273
333 270
334 268
336 265
337 263
338 262
339 261
339 260
340 260
340 259
341 258
341 257
341 256
341 255
341 254
341 253
342 252
342 251
341 249
341 248
340 247
339 246
338 245
337 244
337 243
336 243
335 242
334 241
333 240
332 239
330 238
329 237
328 236
327 235
326 234
325 233
324 233
324 232
322 231
320 231
319 230
317 230
316 230
315 230
314 230
313 230
312 230
310 230
309 230
308 230
307 230
306 230
305 230
304 230
303 230
302 231
302 232
301 232
300 233
300 234
298 232
