286 355
288 355
289 353
291 344
294 335
301 324
305 319
307 317
308 317
311 315
314 313
315 311
316 309
317 307
320 303
321 301
322 301
323 301
324 301
325 301
325 300
326 296
329 292
333 287
341 282
345 278
347 276
348 276
351 276
355 274
357 272
359 268
359 267
360 267
360 266
360 265
361 264
362 264
361 264
360 264
360 263
359 260
358 255
360 250
361 246
361 244
360 244
360 243
360 240
359 239
357 237
356 235
355 233
355 232
354 231
352 231
351 231
346 230
341 229
337 228
335 228
335 227
335 226
335 224
335 223
334 221
333 217
331 211
329 209
328 207
328 206
325 204
323 203
319 200
318 199
317 198
315 198
314 197
314 196
313 195
311 192
309 189
308 189
309 187
308 183
302 175
298 171
293 168
291 166
291 165
292 165
292 164
291 162
286 157
281 154
275 152
269 151
260 150
256 150
255 150
255 148
254 144
252 138
251 136
254 136
259 135
261 133
257 128
251 125
241 123
234 122
232 122
232 121
233 121
235 120
235 119
235 117
235 116
235 114
235 112
232 109
227 106
218 103
213 103
211 103
214 101
216 98
217 95
214 94
207 94
202 95
199 96
198 96
196 97
190 98
178 100
170 100
165 100
168 100
173 99
175 99
177 98
186 94
195 92
201 89
206 84
211 80
215 75
219 73
219 72
215 72
204 72
199 72
198 71
199 70
204 68
212 66
221 63
227 60
232 55
236 50
241 44
245 41
250 38
257 36
263 34
266 32
268 28
268 25
268 21
268 20
272 20
274 19
276 19
278 19
284 19
291 18
296 17
298 17
299 16
305 16
314 15
315 15
317 15
319 15
326 17
333 18
340 20
346 24
353 27
359 29
369 27
375 21
380 13
382 9
383 7
385 6
392 5
400 5
410 6
417 7
424 7
428 7
430 8
432 8
435 8
439 8
444 8
450 8
454 8
455 8
455 7
459 5
465 3
469 3
471 4
471 9
472 16
476 19
482 21
489 23
494 24
495 25
495 27
495 28
496 31
499 34
499 35
495 38
488 40
482 43
478 46
478 47
481 49
493 53
503 54
510 57
514 59
518 63
522 67
522 69
526 75
532 82
540 85
546 86
551 88
565 91
578 94
579 95
570 97
568 97
564 97
559 96
559 97
543 108
529 115
529 113
527 109
512 113
500 117
492 120
468 135
452 144
445 145
440 147
436 149
432 150
428 150
424 150
418 151
413 154
405 158
399 161
392 163
388 164
384 167
381 169
378 171
377 172
377 173
378 175
379 176
381 177
383 177
382 178
378 183
374 185
371 188
367 191
363 194
362 196
361 197
361 198
360 201
358 205
357 207
356 207
356 208
355 210
355 211
354 211
353 212
352 213
352 215
352 216
353 217
353 218
353 219
353 220
354 220
354 223
355 225
356 227
357 227
360 228
362 228
364 229
366 230
368 230
368 231
369 233
370 234
370 235
370 236
370 237
370 238
371 238
371 240
372 243
373 246
374 250
374 253
374 256
374 258
374 260
374 262
374 263
374 264
374 265
374 266
374 268
374 269
373 270
373 273
373 275
373 277
373 278
373 279
371 280
369 281
365 283
360 286
358 287
356 289
355 291
354 292
354 294
353 296
352 298
351 300
349 302
348 303
347 305
346 306
345 308
344 309
343 310
343 312
342 313
341 315
339 317
338 319
338 320
338 321
337 322
336 324
334 327
334 328
333 330
332 331
332 333
330 335
329 338
328 340
327 341
326 344
326 345
325 346
324 348
323 350
323 352
322 352
322 353
322 354
322 356
322 358
322 361
322 363
322 365
323 365
324 365
326 367
328 367
329 367
330 367
331 368
332 368
333 368
334 368
335 368
336 368
337 368
338 368
339 368
340 369
341 369
342 369
342 370
343 370
344 370
345 370
347 371
354 372
