271 308
271 310
271 309
270 307
268 305
267 303
266 301
264 299
263 297
262 296
262 295
261 294
260 293
260 291
259 291
258 290
258 289
257 289
257 288
258 290
260 291
261 293
262 293
263 294
264 294
264 295
264 294
264 287
264 280
262 273
262 270
262 269
262 271
264 277
266 285
268 291
269 294
270 296
270 297
270 298
271 298
271 292
271 288
272 285
273 282
273 281
273 282
273 283
273 286
273 289
274 291
274 293
274 295
275 297
275 298
276 298
276 300
277 300
277 301
278 299
278 295
279 292
279 290
280 287
281 286
281 285
281 284
282 283
282 281
283 280
283 279
283 281
283 284
283 286
283 288
283 290
283 293
283 295
283 296
283 297
283 296
284 293
286 288
287 285
289 282
290 280
292 277
293 274
295 272
297 269
298 267
299 267
299 266
298 267
298 268
297 271
296 275
294 279
292 284
291 286
290 288
290 290
289 291
288 294
287 296
287 298
287 299
287 300
287 301
288 299
289 298
291 296
292 296
292 295
293 295
293 294
294 294
295 294
295 293
295 294
295 296
293 298
292 300
291 301
291 303
290 305
290 306
290 307
290 308
289 308
290 308
291 308
291 307
292 307
293 306
295 306
295 305
296 305
297 305
298 305
298 304
297 304
297 305
296 306
294 306
292 308
291 308
290 308
290 309
288 310
287 310
287 311
287 310
289 308
